The stock testbench.
506
21
683
372
420
69
546
202
456
104
676
292
411
15
337
630
645
645
586
673
585
603
251
496
231
539
581
273
315
358
522
267
662
129
42
616
352
197
153
107
289
289
509
289
326
106
511
248
58
249
99
209
341
388
357
92
576
172
42
45
702
307
660
264
682
461
22
110
154
109
66
198
65
286
330
241
329
374
242
285
417
373
462
418
505
550
549
593
594
638
637
681
20
108
67
155
196
243
284
331
460
419
548
507
595
636
23
64
111
152
199
240
287
328
375
416
463
504
551
592
639
680
684
68
68
156
19
195
244
283
332
371
596
547
508
459
635
24
63
112
151
200
239
288
327
376
415
464
503
552
591
640
679
106
18
245
157
282
194
421
333
370
458
597
634
685
25
62
113
150
201
238
377
414
465
502
553
590
641
678
17
26
61
70
105
114
149
158
193
237
246
281
290
325
334
369
378
413
422
457
466
501
510
545
554
589
598
633
642
677
686
60
236
71
16
27
115
148
159
192
203
247
280
291
324
335
368
379
412
423
467
500
544
555
588
599
632
643
687
248
28
59
72
103
116
147
160
191
204
235
279
323
336
367
380
424
455
468
499
512
543
556
587
600
631
644
675
688
14
29
73
102
117
146
161
190
205
234
278
293
322
366
381
410
425
454
469
498
513
542
557
601
674
689
453
13
30
57
74
101
118
145
162
189
206
233
250
277
294
321
338
365
382
409
426
470
497
514
541
558
602
629
646
690
295
364
452
12
31
56
75
100
119
144
163
188
207
232
276
320
339
383
408
427
471
515
540
559
584
628
647
672
691
143
495
208
319
11
32
55
76
120
164
187
252
275
296
340
363
384
407
428
451
472
516
560
583
604
627
648
671
692
274
10
33
54
77
98
121
142
165
186
230
253
297
318
362
385
406
429
450
473
494
517
538
561
582
605
626
649
670
693
229
518
141
9
34
53
78
97
122
166
185
210
254
298
317
342
361
386
405
430
449
474
493
537
562
606
625
650
669
694
580
255
96
8
35
52
79
123
140
167
184
211
228
272
299
316
343
360
387
404
431
448
475
492
519
536
563
607
624
651
668
695
388
359
271
124
7
36
51
80
95
139
168
183
212
227
256
300
344
403
432
447
476
491
520
535
564
579
608
623
652
667
696
389
6
37
50
81
94
125
138
169
182
213
226
257
270
301
314
345
402
433
446
477
490
521
534
565
578
609
622
653
666
697
5
38
49
82
93
126
137
170
181
214
225
258
269
302
313
346
390
401
434
445
478
489
533
566
577
610
621
654
665
698
4
39
48
83
127
136
171
180
215
224
259
268
303
312
347
356
391
400
435
444
479
488
523
532
567
611
620
655
664
699
3
40
47
84
91
128
135
179
216
223
260
304
311
348
355
392
399
436
443
480
487
524
531
568
575
612
619
656
663
700
662
2
41
46
85
90
134
173
178
217
222
261
266
305
310
349
354
393
398
437
442
481
486
525
530
569
574
613
618
657
701
482
1
86
89
130
133
174
177
218
221
262
265
306
309
350
353
394
397
438
441
485
526
529
570
573
614
617
658
661
659
264
131
131
0
43
44
87
88
132
175
176
219
220
263
308
351
395
396
439
440
483
484
527
528
571
572
615
703
